              precision    recall  f1-score   support

           0       0.92      0.89      0.91       265
           1       1.00      1.00      1.00       104
           2       0.92      0.94      0.93       326
           3       0.91      0.92      0.91       709
           4       0.96      0.94      0.95       372
           5       0.94      0.96      0.95       406
           6       0.87      0.85      0.86       527

    accuracy                           0.92      2709
   macro avg       0.93      0.93      0.93      2709
weighted avg       0.92      0.92      0.92      2709
